3
5
15 8 1 24 17
16 14 7 5 23
22 20 13 6 4
3 21 19 12 10
9 2 25 18 11
4
1 1 1 1
1 1 1 1
1 1 1 1
1 1 1 1
23 
-29 -22 27 -40 -45 -50 40 -25 15 -19 18 6 -12 -44 -45 11 15 -28 -47 -35 -37 30 16 
17 -28 1 30 -43 32 -37 0 -26 32 -13 39 -23 -2 30 -6 -32 16 -15 22 35 44 42 
4 -47 -23 16 21 -4 -24 24 -40 37 20 30 -9 25 43 20 -45 41 -2 21 38 -19 -33 
37 5 -29 -27 20 31 -20 -13 -32 15 -25 45 7 -7 -39 19 -39 -40 -31 39 45 2 33 
-11 -26 -19 -15 -11 -31 48 26 -47 30 -11 -7 -44 39 -46 41 18 31 -15 39 -7 10 -44 
24 -41 36 -11 -16 -3 -39 22 -31 -37 40 16 18 33 -21 -14 -47 30 -26 -24 7 2 45 
-7 -2 -11 35 -7 35 -34 20 -9 -2 49 -14 -39 -10 37 44 0 5 41 -21 -21 48 25 
-14 31 -17 -40 -24 4 -17 23 39 -18 -20 -32 27 -41 -39 12 19 8 45 -7 -13 11 -9 
-31 23 -18 30 -13 22 27 -17 31 -45 -9 18 -40 48 -39 -5 -37 8 13 -35 47 -9 -16 
3 47 -21 13 43 15 22 8 -9 7 45 10 42 20 10 2 -1 -47 1 -33 12 -7 12 
5 10 5 -3 9 -22 37 -44 47 -45 26 33 37 19 -5 15 38 -41 0 -14 -12 -38 -22 
-45 19 36 -4 37 -10 32 -47 30 14 31 -1 10 -50 0 35 22 4 40 -30 1 41 -20 
-4 -33 0 29 3 -20 43 -9 47 12 42 -34 -33 26 -16 -39 -22 2 8 28 35 -26 -16 
17 -43 -3 -45 9 -25 30 16 -12 4 14 -2 2 38 45 -33 43 8 9 44 -6 48 29 
-30 33 -39 5 13 32 38 37 48 7 39 27 13 -12 -31 21 10 46 -47 3 -43 46 -1 
29 48 20 21 16 -24 -46 17 -42 -5 -5 18 -45 7 -25 0 44 45 24 -27 39 38 -40 
20 33 36 46 4 23 36 -42 16 -31 34 -35 37 -26 35 20 -41 20 -33 11 49 11 -23 
-43 -12 -41 -33 -26 34 27 -40 -23 28 19 1 -8 -36 -34 15 -32 -13 -8 34 -23 -6 -30 
-5 -46 -38 -24 -42 -39 42 1 -12 -26 36 5 6 44 -16 27 -35 -9 0 19 5 -28 -1 
-33 -21 42 12 15 -12 34 -22 -43 42 -38 -50 13 -31 5 0 -33 14 -46 -22 -5 -17 37 
-27 21 40 18 45 32 12 -14 23 34 27 7 1 -50 -42 -37 -2 2 7 6 -18 8 23 
23 -48 -50 14 -39 -41 33 -27 7 -30 22 25 -25 -25 46 47 22 41 -48 3 22 -40 -8 
-26 8 -14 11 -33 20 -44 -4 13 -29 10 9 49 -13 19 46 -11 -47 -5 -8 33 40 38 